p cnf 144 5814
1 2 3 4 5 6 7 8 9 10 11 12
-1 -2
-1 -3
-1 -4
-1 -5
-1 -6
-1 -7
-1 -8
-1 -9
-1 -10
-1 -11
-1 -12
-2 -3
-2 -4
-2 -5
-2 -6
-2 -7
-2 -8
-2 -9
-2 -10
-2 -11
-2 -12
-3 -4
-3 -5
-3 -6
-3 -7
-3 -8
-3 -9
-3 -10
-3 -11
-3 -12
-4 -5
-4 -6
-4 -7
-4 -8
-4 -9
-4 -10
-4 -11
-4 -12
-5 -6
-5 -7
-5 -8
-5 -9
-5 -10
-5 -11
-5 -12
-6 -7
-6 -8
-6 -9
-6 -10
-6 -11
-6 -12
-7 -8
-7 -9
-7 -10
-7 -11
-7 -12
-8 -9
-8 -10
-8 -11
-8 -12
-9 -10
-9 -11
-9 -12
-10 -11
-10 -12
-11 -12
13 14 15 16 17 18 19 20 21 22 23 24
-13 -14
-13 -15
-13 -16
-13 -17
-13 -18
-13 -19
-13 -20
-13 -21
-13 -22
-13 -23
-13 -24
-14 -15
-14 -16
-14 -17
-14 -18
-14 -19
-14 -20
-14 -21
-14 -22
-14 -23
-14 -24
-15 -16
-15 -17
-15 -18
-15 -19
-15 -20
-15 -21
-15 -22
-15 -23
-15 -24
-16 -17
-16 -18
-16 -19
-16 -20
-16 -21
-16 -22
-16 -23
-16 -24
-17 -18
-17 -19
-17 -20
-17 -21
-17 -22
-17 -23
-17 -24
-18 -19
-18 -20
-18 -21
-18 -22
-18 -23
-18 -24
-19 -20
-19 -21
-19 -22
-19 -23
-19 -24
-20 -21
-20 -22
-20 -23
-20 -24
-21 -22
-21 -23
-21 -24
-22 -23
-22 -24
-23 -24
25 26 27 28 29 30 31 32 33 34 35 36
-25 -26
-25 -27
-25 -28
-25 -29
-25 -30
-25 -31
-25 -32
-25 -33
-25 -34
-25 -35
-25 -36
-26 -27
-26 -28
-26 -29
-26 -30
-26 -31
-26 -32
-26 -33
-26 -34
-26 -35
-26 -36
-27 -28
-27 -29
-27 -30
-27 -31
-27 -32
-27 -33
-27 -34
-27 -35
-27 -36
-28 -29
-28 -30
-28 -31
-28 -32
-28 -33
-28 -34
-28 -35
-28 -36
-29 -30
-29 -31
-29 -32
-29 -33
-29 -34
-29 -35
-29 -36
-30 -31
-30 -32
-30 -33
-30 -34
-30 -35
-30 -36
-31 -32
-31 -33
-31 -34
-31 -35
-31 -36
-32 -33
-32 -34
-32 -35
-32 -36
-33 -34
-33 -35
-33 -36
-34 -35
-34 -36
-35 -36
37 38 39 40 41 42 43 44 45 46 47 48
-37 -38
-37 -39
-37 -40
-37 -41
-37 -42
-37 -43
-37 -44
-37 -45
-37 -46
-37 -47
-37 -48
-38 -39
-38 -40
-38 -41
-38 -42
-38 -43
-38 -44
-38 -45
-38 -46
-38 -47
-38 -48
-39 -40
-39 -41
-39 -42
-39 -43
-39 -44
-39 -45
-39 -46
-39 -47
-39 -48
-40 -41
-40 -42
-40 -43
-40 -44
-40 -45
-40 -46
-40 -47
-40 -48
-41 -42
-41 -43
-41 -44
-41 -45
-41 -46
-41 -47
-41 -48
-42 -43
-42 -44
-42 -45
-42 -46
-42 -47
-42 -48
-43 -44
-43 -45
-43 -46
-43 -47
-43 -48
-44 -45
-44 -46
-44 -47
-44 -48
-45 -46
-45 -47
-45 -48
-46 -47
-46 -48
-47 -48
49 50 51 52 53 54 55 56 57 58 59 60
-49 -50
-49 -51
-49 -52
-49 -53
-49 -54
-49 -55
-49 -56
-49 -57
-49 -58
-49 -59
-49 -60
-50 -51
-50 -52
-50 -53
-50 -54
-50 -55
-50 -56
-50 -57
-50 -58
-50 -59
-50 -60
-51 -52
-51 -53
-51 -54
-51 -55
-51 -56
-51 -57
-51 -58
-51 -59
-51 -60
-52 -53
-52 -54
-52 -55
-52 -56
-52 -57
-52 -58
-52 -59
-52 -60
-53 -54
-53 -55
-53 -56
-53 -57
-53 -58
-53 -59
-53 -60
-54 -55
-54 -56
-54 -57
-54 -58
-54 -59
-54 -60
-55 -56
-55 -57
-55 -58
-55 -59
-55 -60
-56 -57
-56 -58
-56 -59
-56 -60
-57 -58
-57 -59
-57 -60
-58 -59
-58 -60
-59 -60
61 62 63 64 65 66 67 68 69 70 71 72
-61 -62
-61 -63
-61 -64
-61 -65
-61 -66
-61 -67
-61 -68
-61 -69
-61 -70
-61 -71
-61 -72
-62 -63
-62 -64
-62 -65
-62 -66
-62 -67
-62 -68
-62 -69
-62 -70
-62 -71
-62 -72
-63 -64
-63 -65
-63 -66
-63 -67
-63 -68
-63 -69
-63 -70
-63 -71
-63 -72
-64 -65
-64 -66
-64 -67
-64 -68
-64 -69
-64 -70
-64 -71
-64 -72
-65 -66
-65 -67
-65 -68
-65 -69
-65 -70
-65 -71
-65 -72
-66 -67
-66 -68
-66 -69
-66 -70
-66 -71
-66 -72
-67 -68
-67 -69
-67 -70
-67 -71
-67 -72
-68 -69
-68 -70
-68 -71
-68 -72
-69 -70
-69 -71
-69 -72
-70 -71
-70 -72
-71 -72
73 74 75 76 77 78 79 80 81 82 83 84
-73 -74
-73 -75
-73 -76
-73 -77
-73 -78
-73 -79
-73 -80
-73 -81
-73 -82
-73 -83
-73 -84
-74 -75
-74 -76
-74 -77
-74 -78
-74 -79
-74 -80
-74 -81
-74 -82
-74 -83
-74 -84
-75 -76
-75 -77
-75 -78
-75 -79
-75 -80
-75 -81
-75 -82
-75 -83
-75 -84
-76 -77
-76 -78
-76 -79
-76 -80
-76 -81
-76 -82
-76 -83
-76 -84
-77 -78
-77 -79
-77 -80
-77 -81
-77 -82
-77 -83
-77 -84
-78 -79
-78 -80
-78 -81
-78 -82
-78 -83
-78 -84
-79 -80
-79 -81
-79 -82
-79 -83
-79 -84
-80 -81
-80 -82
-80 -83
-80 -84
-81 -82
-81 -83
-81 -84
-82 -83
-82 -84
-83 -84
85 86 87 88 89 90 91 92 93 94 95 96
-85 -86
-85 -87
-85 -88
-85 -89
-85 -90
-85 -91
-85 -92
-85 -93
-85 -94
-85 -95
-85 -96
-86 -87
-86 -88
-86 -89
-86 -90
-86 -91
-86 -92
-86 -93
-86 -94
-86 -95
-86 -96
-87 -88
-87 -89
-87 -90
-87 -91
-87 -92
-87 -93
-87 -94
-87 -95
-87 -96
-88 -89
-88 -90
-88 -91
-88 -92
-88 -93
-88 -94
-88 -95
-88 -96
-89 -90
-89 -91
-89 -92
-89 -93
-89 -94
-89 -95
-89 -96
-90 -91
-90 -92
-90 -93
-90 -94
-90 -95
-90 -96
-91 -92
-91 -93
-91 -94
-91 -95
-91 -96
-92 -93
-92 -94
-92 -95
-92 -96
-93 -94
-93 -95
-93 -96
-94 -95
-94 -96
-95 -96
97 98 99 100 101 102 103 104 105 106 107 108
-97 -98
-97 -99
-97 -100
-97 -101
-97 -102
-97 -103
-97 -104
-97 -105
-97 -106
-97 -107
-97 -108
-98 -99
-98 -100
-98 -101
-98 -102
-98 -103
-98 -104
-98 -105
-98 -106
-98 -107
-98 -108
-99 -100
-99 -101
-99 -102
-99 -103
-99 -104
-99 -105
-99 -106
-99 -107
-99 -108
-100 -101
-100 -102
-100 -103
-100 -104
-100 -105
-100 -106
-100 -107
-100 -108
-101 -102
-101 -103
-101 -104
-101 -105
-101 -106
-101 -107
-101 -108
-102 -103
-102 -104
-102 -105
-102 -106
-102 -107
-102 -108
-103 -104
-103 -105
-103 -106
-103 -107
-103 -108
-104 -105
-104 -106
-104 -107
-104 -108
-105 -106
-105 -107
-105 -108
-106 -107
-106 -108
-107 -108
109 110 111 112 113 114 115 116 117 118 119 120
-109 -110
-109 -111
-109 -112
-109 -113
-109 -114
-109 -115
-109 -116
-109 -117
-109 -118
-109 -119
-109 -120
-110 -111
-110 -112
-110 -113
-110 -114
-110 -115
-110 -116
-110 -117
-110 -118
-110 -119
-110 -120
-111 -112
-111 -113
-111 -114
-111 -115
-111 -116
-111 -117
-111 -118
-111 -119
-111 -120
-112 -113
-112 -114
-112 -115
-112 -116
-112 -117
-112 -118
-112 -119
-112 -120
-113 -114
-113 -115
-113 -116
-113 -117
-113 -118
-113 -119
-113 -120
-114 -115
-114 -116
-114 -117
-114 -118
-114 -119
-114 -120
-115 -116
-115 -117
-115 -118
-115 -119
-115 -120
-116 -117
-116 -118
-116 -119
-116 -120
-117 -118
-117 -119
-117 -120
-118 -119
-118 -120
-119 -120
1 13 25 37 49 61 73 85 97 109 121 133
-1 -13
-1 -25
-1 -37
-1 -49
-1 -61
-1 -73
-1 -85
-1 -97
-1 -109
-1 -121
-1 -133
-13 -25
-13 -37
-13 -49
-13 -61
-13 -73
-13 -85
-13 -97
-13 -109
-13 -121
-13 -133
-25 -37
-25 -49
-25 -61
-25 -73
-25 -85
-25 -97
-25 -109
-25 -121
-25 -133
-37 -49
-37 -61
-37 -73
-37 -85
-37 -97
-37 -109
-37 -121
-37 -133
-49 -61
-49 -73
-49 -85
-49 -97
-49 -109
-49 -121
-49 -133
-61 -73
-61 -85
-61 -97
-61 -109
-61 -121
-61 -133
-73 -85
-73 -97
-73 -109
-73 -121
-73 -133
-85 -97
-85 -109
-85 -121
-85 -133
-97 -109
-97 -121
-97 -133
-109 -121
-109 -133
-121 -133
2 14 26 38 50 62 74 86 98 110 122 134
-2 -14
-2 -26
-2 -38
-2 -50
-2 -62
-2 -74
-2 -86
-2 -98
-2 -110
-2 -122
-2 -134
-14 -26
-14 -38
-14 -50
-14 -62
-14 -74
-14 -86
-14 -98
-14 -110
-14 -122
-14 -134
-26 -38
-26 -50
-26 -62
-26 -74
-26 -86
-26 -98
-26 -110
-26 -122
-26 -134
-38 -50
-38 -62
-38 -74
-38 -86
-38 -98
-38 -110
-38 -122
-38 -134
-50 -62
-50 -74
-50 -86
-50 -98
-50 -110
-50 -122
-50 -134
-62 -74
-62 -86
-62 -98
-62 -110
-62 -122
-62 -134
-74 -86
-74 -98
-74 -110
-74 -122
-74 -134
-86 -98
-86 -110
-86 -122
-86 -134
-98 -110
-98 -122
-98 -134
-110 -122
-110 -134
-122 -134
3 15 27 39 51 63 75 87 99 111 123 135
-3 -15
-3 -27
-3 -39
-3 -51
-3 -63
-3 -75
-3 -87
-3 -99
-3 -111
-3 -123
-3 -135
-15 -27
-15 -39
-15 -51
-15 -63
-15 -75
-15 -87
-15 -99
-15 -111
-15 -123
-15 -135
-27 -39
-27 -51
-27 -63
-27 -75
-27 -87
-27 -99
-27 -111
-27 -123
-27 -135
-39 -51
-39 -63
-39 -75
-39 -87
-39 -99
-39 -111
-39 -123
-39 -135
-51 -63
-51 -75
-51 -87
-51 -99
-51 -111
-51 -123
-51 -135
-63 -75
-63 -87
-63 -99
-63 -111
-63 -123
-63 -135
-75 -87
-75 -99
-75 -111
-75 -123
-75 -135
-87 -99
-87 -111
-87 -123
-87 -135
-99 -111
-99 -123
-99 -135
-111 -123
-111 -135
-123 -135
4 16 28 40 52 64 76 88 100 112 124 136
-4 -16
-4 -28
-4 -40
-4 -52
-4 -64
-4 -76
-4 -88
-4 -100
-4 -112
-4 -124
-4 -136
-16 -28
-16 -40
-16 -52
-16 -64
-16 -76
-16 -88
-16 -100
-16 -112
-16 -124
-16 -136
-28 -40
-28 -52
-28 -64
-28 -76
-28 -88
-28 -100
-28 -112
-28 -124
-28 -136
-40 -52
-40 -64
-40 -76
-40 -88
-40 -100
-40 -112
-40 -124
-40 -136
-52 -64
-52 -76
-52 -88
-52 -100
-52 -112
-52 -124
-52 -136
-64 -76
-64 -88
-64 -100
-64 -112
-64 -124
-64 -136
-76 -88
-76 -100
-76 -112
-76 -124
-76 -136
-88 -100
-88 -112
-88 -124
-88 -136
-100 -112
-100 -124
-100 -136
-112 -124
-112 -136
-124 -136
5 17 29 41 53 65 77 89 101 113 125 137
-5 -17
-5 -29
-5 -41
-5 -53
-5 -65
-5 -77
-5 -89
-5 -101
-5 -113
-5 -125
-5 -137
-17 -29
-17 -41
-17 -53
-17 -65
-17 -77
-17 -89
-17 -101
-17 -113
-17 -125
-17 -137
-29 -41
-29 -53
-29 -65
-29 -77
-29 -89
-29 -101
-29 -113
-29 -125
-29 -137
-41 -53
-41 -65
-41 -77
-41 -89
-41 -101
-41 -113
-41 -125
-41 -137
-53 -65
-53 -77
-53 -89
-53 -101
-53 -113
-53 -125
-53 -137
-65 -77
-65 -89
-65 -101
-65 -113
-65 -125
-65 -137
-77 -89
-77 -101
-77 -113
-77 -125
-77 -137
-89 -101
-89 -113
-89 -125
-89 -137
-101 -113
-101 -125
-101 -137
-113 -125
-113 -137
-125 -137
6 18 30 42 54 66 78 90 102 114 126 138
-6 -18
-6 -30
-6 -42
-6 -54
-6 -66
-6 -78
-6 -90
-6 -102
-6 -114
-6 -126
-6 -138
-18 -30
-18 -42
-18 -54
-18 -66
-18 -78
-18 -90
-18 -102
-18 -114
-18 -126
-18 -138
-30 -42
-30 -54
-30 -66
-30 -78
-30 -90
-30 -102
-30 -114
-30 -126
-30 -138
-42 -54
-42 -66
-42 -78
-42 -90
-42 -102
-42 -114
-42 -126
-42 -138
-54 -66
-54 -78
-54 -90
-54 -102
-54 -114
-54 -126
-54 -138
-66 -78
-66 -90
-66 -102
-66 -114
-66 -126
-66 -138
-78 -90
-78 -102
-78 -114
-78 -126
-78 -138
-90 -102
-90 -114
-90 -126
-90 -138
-102 -114
-102 -126
-102 -138
-114 -126
-114 -138
-126 -138
7 19 31 43 55 67 79 91 103 115 127 139
-7 -19
-7 -31
-7 -43
-7 -55
-7 -67
-7 -79
-7 -91
-7 -103
-7 -115
-7 -127
-7 -139
-19 -31
-19 -43
-19 -55
-19 -67
-19 -79
-19 -91
-19 -103
-19 -115
-19 -127
-19 -139
-31 -43
-31 -55
-31 -67
-31 -79
-31 -91
-31 -103
-31 -115
-31 -127
-31 -139
-43 -55
-43 -67
-43 -79
-43 -91
-43 -103
-43 -115
-43 -127
-43 -139
-55 -67
-55 -79
-55 -91
-55 -103
-55 -115
-55 -127
-55 -139
-67 -79
-67 -91
-67 -103
-67 -115
-67 -127
-67 -139
-79 -91
-79 -103
-79 -115
-79 -127
-79 -139
-91 -103
-91 -115
-91 -127
-91 -139
-103 -115
-103 -127
-103 -139
-115 -127
-115 -139
-127 -139
8 20 32 44 56 68 80 92 104 116 128 140
-8 -20
-8 -32
-8 -44
-8 -56
-8 -68
-8 -80
-8 -92
-8 -104
-8 -116
-8 -128
-8 -140
-20 -32
-20 -44
-20 -56
-20 -68
-20 -80
-20 -92
-20 -104
-20 -116
-20 -128
-20 -140
-32 -44
-32 -56
-32 -68
-32 -80
-32 -92
-32 -104
-32 -116
-32 -128
-32 -140
-44 -56
-44 -68
-44 -80
-44 -92
-44 -104
-44 -116
-44 -128
-44 -140
-56 -68
-56 -80
-56 -92
-56 -104
-56 -116
-56 -128
-56 -140
-68 -80
-68 -92
-68 -104
-68 -116
-68 -128
-68 -140
-80 -92
-80 -104
-80 -116
-80 -128
-80 -140
-92 -104
-92 -116
-92 -128
-92 -140
-104 -116
-104 -128
-104 -140
-116 -128
-116 -140
-128 -140
9 21 33 45 57 69 81 93 105 117 129 141
-9 -21
-9 -33
-9 -45
-9 -57
-9 -69
-9 -81
-9 -93
-9 -105
-9 -117
-9 -129
-9 -141
-21 -33
-21 -45
-21 -57
-21 -69
-21 -81
-21 -93
-21 -105
-21 -117
-21 -129
-21 -141
-33 -45
-33 -57
-33 -69
-33 -81
-33 -93
-33 -105
-33 -117
-33 -129
-33 -141
-45 -57
-45 -69
-45 -81
-45 -93
-45 -105
-45 -117
-45 -129
-45 -141
-57 -69
-57 -81
-57 -93
-57 -105
-57 -117
-57 -129
-57 -141
-69 -81
-69 -93
-69 -105
-69 -117
-69 -129
-69 -141
-81 -93
-81 -105
-81 -117
-81 -129
-81 -141
-93 -105
-93 -117
-93 -129
-93 -141
-105 -117
-105 -129
-105 -141
-117 -129
-117 -141
-129 -141
10 22 34 46 58 70 82 94 106 118 130 142
-10 -22
-10 -34
-10 -46
-10 -58
-10 -70
-10 -82
-10 -94
-10 -106
-10 -118
-10 -130
-10 -142
-22 -34
-22 -46
-22 -58
-22 -70
-22 -82
-22 -94
-22 -106
-22 -118
-22 -130
-22 -142
-34 -46
-34 -58
-34 -70
-34 -82
-34 -94
-34 -106
-34 -118
-34 -130
-34 -142
-46 -58
-46 -70
-46 -82
-46 -94
-46 -106
-46 -118
-46 -130
-46 -142
-58 -70
-58 -82
-58 -94
-58 -106
-58 -118
-58 -130
-58 -142
-70 -82
-70 -94
-70 -106
-70 -118
-70 -130
-70 -142
-82 -94
-82 -106
-82 -118
-82 -130
-82 -142
-94 -106
-94 -118
-94 -130
-94 -142
-106 -118
-106 -130
-106 -142
-118 -130
-118 -142
-130 -142
11 23 35 47 59 71 83 95 107 119 131 143
-11 -23
-11 -35
-11 -47
-11 -59
-11 -71
-11 -83
-11 -95
-11 -107
-11 -119
-11 -131
-11 -143
-23 -35
-23 -47
-23 -59
-23 -71
-23 -83
-23 -95
-23 -107
-23 -119
-23 -131
-23 -143
-35 -47
-35 -59
-35 -71
-35 -83
-35 -95
-35 -107
-35 -119
-35 -131
-35 -143
-47 -59
-47 -71
-47 -83
-47 -95
-47 -107
-47 -119
-47 -131
-47 -143
-59 -71
-59 -83
-59 -95
-59 -107
-59 -119
-59 -131
-59 -143
-71 -83
-71 -95
-71 -107
-71 -119
-71 -131
-71 -143
-83 -95
-83 -107
-83 -119
-83 -131
-83 -143
-95 -107
-95 -119
-95 -131
-95 -143
-107 -119
-107 -131
-107 -143
-119 -131
-119 -143
-131 -143
12 24 36 48 60 72 84 96 108 120 132 144
-12 -24
-12 -36
-12 -48
-12 -60
-12 -72
-12 -84
-12 -96
-12 -108
-12 -120
-12 -132
-12 -144
-24 -36
-24 -48
-24 -60
-24 -72
-24 -84
-24 -96
-24 -108
-24 -120
-24 -132
-24 -144
-36 -48
-36 -60
-36 -72
-36 -84
-36 -96
-36 -108
-36 -120
-36 -132
-36 -144
-48 -60
-48 -72
-48 -84
-48 -96
-48 -108
-48 -120
-48 -132
-48 -144
-60 -72
-60 -84
-60 -96
-60 -108
-60 -120
-60 -132
-60 -144
-72 -84
-72 -96
-72 -108
-72 -120
-72 -132
-72 -144
-84 -96
-84 -108
-84 -120
-84 -132
-84 -144
-96 -108
-96 -120
-96 -132
-96 -144
-108 -120
-108 -132
-108 -144
-120 -132
-120 -144
-132 -144
-11 -13
-11 -25
-11 -37
-11 -49
-11 -61
-11 -73
-11 -85
-11 -97
-11 -109
-11 -121
-11 -133
-12 -13
-12 -25
-12 -37
-12 -49
-12 -61
-12 -73
-12 -85
-12 -97
-12 -109
-12 -121
-12 -133
-12 -23
-12 -35
-12 -47
-12 -59
-12 -71
-12 -83
-12 -95
-12 -107
-12 -119
-12 -131
-12 -143
-4 -13
-4 -25
-4 -37
-4 -49
-4 -61
-4 -73
-4 -85
-4 -97
-4 -109
-4 -121
-4 -133
-4 -23
-4 -35
-4 -47
-4 -59
-4 -71
-4 -83
-4 -95
-4 -107
-4 -119
-4 -131
-4 -143
-4 -24
-4 -48
-4 -96
-4 -132
-4 -144
-5 -13
-5 -25
-5 -37
-5 -49
-5 -61
-5 -73
-5 -85
-5 -97
-5 -109
-5 -121
-5 -133
-5 -23
-5 -35
-5 -47
-5 -59
-5 -71
-5 -83
-5 -95
-5 -107
-5 -119
-5 -131
-5 -143
-5 -24
-5 -48
-5 -96
-5 -132
-5 -144
-5 -16
-5 -28
-5 -40
-5 -52
-5 -64
-5 -76
-5 -88
-5 -100
-5 -112
-5 -124
-5 -136
-7 -13
-7 -25
-7 -37
-7 -49
-7 -61
-7 -73
-7 -85
-7 -97
-7 -109
-7 -121
-7 -133
-7 -23
-7 -35
-7 -47
-7 -59
-7 -71
-7 -83
-7 -95
-7 -107
-7 -119
-7 -131
-7 -143
-7 -24
-7 -48
-7 -96
-7 -132
-7 -144
-7 -16
-7 -28
-7 -40
-7 -52
-7 -64
-7 -76
-7 -88
-7 -100
-7 -112
-7 -124
-7 -136
-7 -17
-7 -53
-7 -77
-7 -89
-7 -101
-7 -125
-7 -137
-10 -13
-10 -25
-10 -37
-10 -49
-10 -61
-10 -73
-10 -85
-10 -97
-10 -109
-10 -121
-10 -133
-10 -23
-10 -35
-10 -47
-10 -59
-10 -71
-10 -83
-10 -95
-10 -107
-10 -119
-10 -131
-10 -143
-10 -24
-10 -48
-10 -96
-10 -132
-10 -144
-10 -16
-10 -28
-10 -40
-10 -52
-10 -64
-10 -76
-10 -88
-10 -100
-10 -112
-10 -124
-10 -136
-10 -17
-10 -53
-10 -77
-10 -89
-10 -101
-10 -125
-10 -137
-10 -55
-10 -91
-10 -127
-10 -139
-2 -13
-2 -25
-2 -37
-2 -49
-2 -61
-2 -73
-2 -85
-2 -97
-2 -109
-2 -121
-2 -133
-2 -23
-2 -35
-2 -47
-2 -59
-2 -71
-2 -83
-2 -95
-2 -107
-2 -119
-2 -131
-2 -143
-2 -24
-2 -48
-2 -96
-2 -132
-2 -144
-2 -16
-2 -28
-2 -40
-2 -52
-2 -64
-2 -76
-2 -88
-2 -100
-2 -112
-2 -124
-2 -136
-2 -17
-2 -53
-2 -77
-2 -89
-2 -101
-2 -125
-2 -137
-2 -55
-2 -91
-2 -127
-2 -139
-2 -58
-2 -82
-2 -94
-2 -106
-2 -118
-2 -130
-2 -142
-3 -13
-3 -25
-3 -37
-3 -49
-3 -61
-3 -73
-3 -85
-3 -97
-3 -109
-3 -121
-3 -133
-3 -23
-3 -35
-3 -47
-3 -59
-3 -71
-3 -83
-3 -95
-3 -107
-3 -119
-3 -131
-3 -143
-3 -24
-3 -48
-3 -96
-3 -132
-3 -144
-3 -16
-3 -28
-3 -40
-3 -52
-3 -64
-3 -76
-3 -88
-3 -100
-3 -112
-3 -124
-3 -136
-3 -17
-3 -53
-3 -77
-3 -89
-3 -101
-3 -125
-3 -137
-3 -55
-3 -91
-3 -127
-3 -139
-3 -58
-3 -82
-3 -94
-3 -106
-3 -118
-3 -130
-3 -142
-3 -14
-3 -26
-3 -38
-3 -50
-3 -62
-3 -74
-3 -86
-3 -98
-3 -110
-3 -122
-3 -134
-6 -13
-6 -25
-6 -37
-6 -49
-6 -61
-6 -73
-6 -85
-6 -97
-6 -109
-6 -121
-6 -133
-6 -23
-6 -35
-6 -47
-6 -59
-6 -71
-6 -83
-6 -95
-6 -107
-6 -119
-6 -131
-6 -143
-6 -24
-6 -48
-6 -96
-6 -132
-6 -144
-6 -16
-6 -28
-6 -40
-6 -52
-6 -64
-6 -76
-6 -88
-6 -100
-6 -112
-6 -124
-6 -136
-6 -17
-6 -53
-6 -77
-6 -89
-6 -101
-6 -125
-6 -137
-6 -55
-6 -91
-6 -127
-6 -139
-6 -58
-6 -82
-6 -94
-6 -106
-6 -118
-6 -130
-6 -142
-6 -14
-6 -26
-6 -38
-6 -50
-6 -62
-6 -74
-6 -86
-6 -98
-6 -110
-6 -122
-6 -134
-6 -15
-6 -27
-6 -39
-6 -63
-6 -75
-6 -87
-6 -99
-6 -111
-6 -123
-6 -135
-8 -13
-8 -25
-8 -37
-8 -49
-8 -61
-8 -73
-8 -85
-8 -97
-8 -109
-8 -121
-8 -133
-8 -23
-8 -35
-8 -47
-8 -59
-8 -71
-8 -83
-8 -95
-8 -107
-8 -119
-8 -131
-8 -143
-8 -24
-8 -48
-8 -96
-8 -132
-8 -144
-8 -16
-8 -28
-8 -40
-8 -52
-8 -64
-8 -76
-8 -88
-8 -100
-8 -112
-8 -124
-8 -136
-8 -17
-8 -53
-8 -77
-8 -89
-8 -101
-8 -125
-8 -137
-8 -55
-8 -91
-8 -127
-8 -139
-8 -58
-8 -82
-8 -94
-8 -106
-8 -118
-8 -130
-8 -142
-8 -14
-8 -26
-8 -38
-8 -50
-8 -62
-8 -74
-8 -86
-8 -98
-8 -110
-8 -122
-8 -134
-8 -15
-8 -27
-8 -39
-8 -63
-8 -75
-8 -87
-8 -99
-8 -111
-8 -123
-8 -135
-8 -18
-8 -30
-8 -42
-8 -54
-8 -66
-8 -78
-8 -90
-8 -102
-8 -114
-8 -126
-8 -138
-9 -13
-9 -25
-9 -37
-9 -49
-9 -61
-9 -73
-9 -85
-9 -97
-9 -109
-9 -121
-9 -133
-9 -23
-9 -35
-9 -47
-9 -59
-9 -71
-9 -83
-9 -95
-9 -107
-9 -119
-9 -131
-9 -143
-9 -24
-9 -48
-9 -96
-9 -132
-9 -144
-9 -16
-9 -28
-9 -40
-9 -52
-9 -64
-9 -76
-9 -88
-9 -100
-9 -112
-9 -124
-9 -136
-9 -17
-9 -53
-9 -77
-9 -89
-9 -101
-9 -125
-9 -137
-9 -55
-9 -91
-9 -127
-9 -139
-9 -58
-9 -82
-9 -94
-9 -106
-9 -118
-9 -130
-9 -142
-9 -14
-9 -26
-9 -38
-9 -50
-9 -62
-9 -74
-9 -86
-9 -98
-9 -110
-9 -122
-9 -134
-9 -15
-9 -27
-9 -39
-9 -63
-9 -75
-9 -87
-9 -99
-9 -111
-9 -123
-9 -135
-9 -18
-9 -30
-9 -42
-9 -54
-9 -66
-9 -78
-9 -90
-9 -102
-9 -114
-9 -126
-9 -138
-9 -20
-9 -32
-9 -92
-9 -128
-9 -140
-18 -48
-18 -96
-18 -132
-18 -144
-15 -48
-15 -96
-15 -132
-15 -144
-15 -30
-15 -42
-15 -54
-15 -66
-15 -78
-15 -90
-15 -102
-15 -114
-15 -126
-15 -138
-16 -48
-16 -96
-16 -132
-16 -144
-16 -30
-16 -42
-16 -54
-16 -66
-16 -78
-16 -90
-16 -102
-16 -114
-16 -126
-16 -138
-16 -39
-16 -63
-16 -75
-16 -87
-16 -99
-16 -111
-16 -123
-16 -135
-19 -48
-19 -96
-19 -132
-19 -144
-19 -30
-19 -42
-19 -54
-19 -66
-19 -78
-19 -90
-19 -102
-19 -114
-19 -126
-19 -138
-19 -39
-19 -63
-19 -75
-19 -87
-19 -99
-19 -111
-19 -123
-19 -135
-19 -52
-19 -64
-19 -88
-19 -124
-19 -136
-20 -48
-20 -96
-20 -132
-20 -144
-20 -30
-20 -42
-20 -54
-20 -66
-20 -78
-20 -90
-20 -102
-20 -114
-20 -126
-20 -138
-20 -39
-20 -63
-20 -75
-20 -87
-20 -99
-20 -111
-20 -123
-20 -135
-20 -52
-20 -64
-20 -88
-20 -124
-20 -136
-20 -7
-20 -31
-20 -43
-20 -55
-20 -67
-20 -79
-20 -91
-20 -103
-20 -127
-20 -139
-21 -48
-21 -96
-21 -132
-21 -144
-21 -30
-21 -42
-21 -54
-21 -66
-21 -78
-21 -90
-21 -102
-21 -114
-21 -126
-21 -138
-21 -39
-21 -63
-21 -75
-21 -87
-21 -99
-21 -111
-21 -123
-21 -135
-21 -52
-21 -64
-21 -88
-21 -124
-21 -136
-21 -7
-21 -31
-21 -43
-21 -55
-21 -67
-21 -79
-21 -91
-21 -103
-21 -127
-21 -139
-21 -32
-21 -92
-21 -128
-21 -140
-22 -48
-22 -96
-22 -132
-22 -144
-22 -30
-22 -42
-22 -54
-22 -66
-22 -78
-22 -90
-22 -102
-22 -114
-22 -126
-22 -138
-22 -39
-22 -63
-22 -75
-22 -87
-22 -99
-22 -111
-22 -123
-22 -135
-22 -52
-22 -64
-22 -88
-22 -124
-22 -136
-22 -7
-22 -31
-22 -43
-22 -55
-22 -67
-22 -79
-22 -91
-22 -103
-22 -127
-22 -139
-22 -32
-22 -92
-22 -128
-22 -140
-22 -33
-22 -45
-22 -57
-22 -69
-22 -81
-22 -93
-22 -105
-22 -117
-22 -129
-22 -141
-13 -48
-13 -96
-13 -132
-13 -144
-13 -30
-13 -42
-13 -54
-13 -66
-13 -78
-13 -90
-13 -102
-13 -114
-13 -126
-13 -138
-13 -39
-13 -63
-13 -75
-13 -87
-13 -99
-13 -111
-13 -123
-13 -135
-13 -52
-13 -64
-13 -88
-13 -124
-13 -136
-13 -7
-13 -31
-13 -43
-13 -55
-13 -67
-13 -79
-13 -91
-13 -103
-13 -127
-13 -139
-13 -32
-13 -92
-13 -128
-13 -140
-13 -33
-13 -45
-13 -57
-13 -69
-13 -81
-13 -93
-13 -105
-13 -117
-13 -129
-13 -141
-13 -10
-13 -34
-13 -58
-13 -70
-13 -82
-13 -94
-13 -106
-13 -118
-13 -130
-13 -142
-14 -48
-14 -96
-14 -132
-14 -144
-14 -30
-14 -42
-14 -54
-14 -66
-14 -78
-14 -90
-14 -102
-14 -114
-14 -126
-14 -138
-14 -39
-14 -63
-14 -75
-14 -87
-14 -99
-14 -111
-14 -123
-14 -135
-14 -52
-14 -64
-14 -88
-14 -124
-14 -136
-14 -7
-14 -31
-14 -43
-14 -55
-14 -67
-14 -79
-14 -91
-14 -103
-14 -127
-14 -139
-14 -32
-14 -92
-14 -128
-14 -140
-14 -33
-14 -45
-14 -57
-14 -69
-14 -81
-14 -93
-14 -105
-14 -117
-14 -129
-14 -141
-14 -10
-14 -34
-14 -58
-14 -70
-14 -82
-14 -94
-14 -106
-14 -118
-14 -130
-14 -142
-14 -37
-14 -73
-14 -97
-14 -109
-14 -121
-14 -133
-17 -48
-17 -96
-17 -132
-17 -144
-17 -30
-17 -42
-17 -54
-17 -66
-17 -78
-17 -90
-17 -102
-17 -114
-17 -126
-17 -138
-17 -39
-17 -63
-17 -75
-17 -87
-17 -99
-17 -111
-17 -123
-17 -135
-17 -52
-17 -64
-17 -88
-17 -124
-17 -136
-17 -7
-17 -31
-17 -43
-17 -55
-17 -67
-17 -79
-17 -91
-17 -103
-17 -127
-17 -139
-17 -32
-17 -92
-17 -128
-17 -140
-17 -33
-17 -45
-17 -57
-17 -69
-17 -81
-17 -93
-17 -105
-17 -117
-17 -129
-17 -141
-17 -10
-17 -34
-17 -58
-17 -70
-17 -82
-17 -94
-17 -106
-17 -118
-17 -130
-17 -142
-17 -37
-17 -73
-17 -97
-17 -109
-17 -121
-17 -133
-17 -38
-17 -50
-17 -86
-17 -122
-17 -134
-23 -48
-23 -96
-23 -132
-23 -144
-23 -30
-23 -42
-23 -54
-23 -66
-23 -78
-23 -90
-23 -102
-23 -114
-23 -126
-23 -138
-23 -39
-23 -63
-23 -75
-23 -87
-23 -99
-23 -111
-23 -123
-23 -135
-23 -52
-23 -64
-23 -88
-23 -124
-23 -136
-23 -7
-23 -31
-23 -43
-23 -55
-23 -67
-23 -79
-23 -91
-23 -103
-23 -127
-23 -139
-23 -32
-23 -92
-23 -128
-23 -140
-23 -33
-23 -45
-23 -57
-23 -69
-23 -81
-23 -93
-23 -105
-23 -117
-23 -129
-23 -141
-23 -10
-23 -34
-23 -58
-23 -70
-23 -82
-23 -94
-23 -106
-23 -118
-23 -130
-23 -142
-23 -37
-23 -73
-23 -97
-23 -109
-23 -121
-23 -133
-23 -38
-23 -50
-23 -86
-23 -122
-23 -134
-23 -53
-23 -101
-23 -125
-23 -137
-31 -45
-31 -57
-31 -69
-31 -81
-31 -93
-31 -105
-31 -117
-31 -129
-31 -141
-25 -45
-25 -57
-25 -69
-25 -81
-25 -93
-25 -105
-25 -117
-25 -129
-25 -141
-25 -7
-25 -43
-25 -55
-25 -67
-25 -79
-25 -91
-25 -103
-25 -127
-25 -139
-30 -45
-30 -57
-30 -69
-30 -81
-30 -93
-30 -105
-30 -117
-30 -129
-30 -141
-30 -7
-30 -43
-30 -55
-30 -67
-30 -79
-30 -91
-30 -103
-30 -127
-30 -139
-30 -13
-30 -37
-30 -61
-30 -73
-30 -85
-30 -97
-30 -109
-30 -121
-30 -133
-29 -45
-29 -57
-29 -69
-29 -81
-29 -93
-29 -105
-29 -117
-29 -129
-29 -141
-29 -7
-29 -43
-29 -55
-29 -67
-29 -79
-29 -91
-29 -103
-29 -127
-29 -139
-29 -13
-29 -37
-29 -61
-29 -73
-29 -85
-29 -97
-29 -109
-29 -121
-29 -133
-29 -42
-29 -54
-29 -66
-29 -78
-29 -90
-29 -102
-29 -114
-29 -126
-29 -138
-34 -45
-34 -57
-34 -69
-34 -81
-34 -93
-34 -105
-34 -117
-34 -129
-34 -141
-34 -7
-34 -43
-34 -55
-34 -67
-34 -79
-34 -91
-34 -103
-34 -127
-34 -139
-34 -13
-34 -37
-34 -61
-34 -73
-34 -85
-34 -97
-34 -109
-34 -121
-34 -133
-34 -42
-34 -54
-34 -66
-34 -78
-34 -90
-34 -102
-34 -114
-34 -126
-34 -138
-34 -5
-34 -17
-34 -53
-34 -77
-34 -89
-34 -101
-34 -113
-34 -125
-34 -137
-27 -45
-27 -57
-27 -69
-27 -81
-27 -93
-27 -105
-27 -117
-27 -129
-27 -141
-27 -7
-27 -43
-27 -55
-27 -67
-27 -79
-27 -91
-27 -103
-27 -127
-27 -139
-27 -13
-27 -37
-27 -61
-27 -73
-27 -85
-27 -97
-27 -109
-27 -121
-27 -133
-27 -42
-27 -54
-27 -66
-27 -78
-27 -90
-27 -102
-27 -114
-27 -126
-27 -138
-27 -5
-27 -17
-27 -53
-27 -77
-27 -89
-27 -101
-27 -113
-27 -125
-27 -137
-27 -10
-27 -58
-27 -70
-27 -82
-27 -94
-27 -106
-27 -118
-27 -130
-27 -142
-36 -45
-36 -57
-36 -69
-36 -81
-36 -93
-36 -105
-36 -117
-36 -129
-36 -141
-36 -7
-36 -43
-36 -55
-36 -67
-36 -79
-36 -91
-36 -103
-36 -127
-36 -139
-36 -13
-36 -37
-36 -61
-36 -73
-36 -85
-36 -97
-36 -109
-36 -121
-36 -133
-36 -42
-36 -54
-36 -66
-36 -78
-36 -90
-36 -102
-36 -114
-36 -126
-36 -138
-36 -5
-36 -17
-36 -53
-36 -77
-36 -89
-36 -101
-36 -113
-36 -125
-36 -137
-36 -10
-36 -58
-36 -70
-36 -82
-36 -94
-36 -106
-36 -118
-36 -130
-36 -142
-36 -15
-36 -39
-36 -63
-36 -75
-36 -87
-36 -99
-36 -111
-36 -123
-36 -135
-26 -45
-26 -57
-26 -69
-26 -81
-26 -93
-26 -105
-26 -117
-26 -129
-26 -141
-26 -7
-26 -43
-26 -55
-26 -67
-26 -79
-26 -91
-26 -103
-26 -127
-26 -139
-26 -13
-26 -37
-26 -61
-26 -73
-26 -85
-26 -97
-26 -109
-26 -121
-26 -133
-26 -42
-26 -54
-26 -66
-26 -78
-26 -90
-26 -102
-26 -114
-26 -126
-26 -138
-26 -5
-26 -17
-26 -53
-26 -77
-26 -89
-26 -101
-26 -113
-26 -125
-26 -137
-26 -10
-26 -58
-26 -70
-26 -82
-26 -94
-26 -106
-26 -118
-26 -130
-26 -142
-26 -15
-26 -39
-26 -63
-26 -75
-26 -87
-26 -99
-26 -111
-26 -123
-26 -135
-26 -12
-26 -24
-26 -48
-26 -60
-26 -72
-26 -84
-26 -96
-26 -108
-26 -120
-26 -132
-26 -144
-28 -45
-28 -57
-28 -69
-28 -81
-28 -93
-28 -105
-28 -117
-28 -129
-28 -141
-28 -7
-28 -43
-28 -55
-28 -67
-28 -79
-28 -91
-28 -103
-28 -127
-28 -139
-28 -13
-28 -37
-28 -61
-28 -73
-28 -85
-28 -97
-28 -109
-28 -121
-28 -133
-28 -42
-28 -54
-28 -66
-28 -78
-28 -90
-28 -102
-28 -114
-28 -126
-28 -138
-28 -5
-28 -17
-28 -53
-28 -77
-28 -89
-28 -101
-28 -113
-28 -125
-28 -137
-28 -10
-28 -58
-28 -70
-28 -82
-28 -94
-28 -106
-28 -118
-28 -130
-28 -142
-28 -15
-28 -39
-28 -63
-28 -75
-28 -87
-28 -99
-28 -111
-28 -123
-28 -135
-28 -12
-28 -24
-28 -48
-28 -60
-28 -72
-28 -84
-28 -96
-28 -108
-28 -120
-28 -132
-28 -144
-28 -14
-28 -38
-28 -50
-28 -62
-28 -74
-28 -86
-28 -110
-28 -122
-28 -134
-32 -45
-32 -57
-32 -69
-32 -81
-32 -93
-32 -105
-32 -117
-32 -129
-32 -141
-32 -7
-32 -43
-32 -55
-32 -67
-32 -79
-32 -91
-32 -103
-32 -127
-32 -139
-32 -13
-32 -37
-32 -61
-32 -73
-32 -85
-32 -97
-32 -109
-32 -121
-32 -133
-32 -42
-32 -54
-32 -66
-32 -78
-32 -90
-32 -102
-32 -114
-32 -126
-32 -138
-32 -5
-32 -17
-32 -53
-32 -77
-32 -89
-32 -101
-32 -113
-32 -125
-32 -137
-32 -10
-32 -58
-32 -70
-32 -82
-32 -94
-32 -106
-32 -118
-32 -130
-32 -142
-32 -15
-32 -39
-32 -63
-32 -75
-32 -87
-32 -99
-32 -111
-32 -123
-32 -135
-32 -12
-32 -24
-32 -48
-32 -60
-32 -72
-32 -84
-32 -96
-32 -108
-32 -120
-32 -132
-32 -144
-32 -14
-32 -38
-32 -50
-32 -62
-32 -74
-32 -86
-32 -110
-32 -122
-32 -134
-32 -16
-32 -40
-32 -52
-32 -64
-32 -76
-32 -88
-32 -112
-32 -124
-32 -136
-35 -45
-35 -57
-35 -69
-35 -81
-35 -93
-35 -105
-35 -117
-35 -129
-35 -141
-35 -7
-35 -43
-35 -55
-35 -67
-35 -79
-35 -91
-35 -103
-35 -127
-35 -139
-35 -13
-35 -37
-35 -61
-35 -73
-35 -85
-35 -97
-35 -109
-35 -121
-35 -133
-35 -42
-35 -54
-35 -66
-35 -78
-35 -90
-35 -102
-35 -114
-35 -126
-35 -138
-35 -5
-35 -17
-35 -53
-35 -77
-35 -89
-35 -101
-35 -113
-35 -125
-35 -137
-35 -10
-35 -58
-35 -70
-35 -82
-35 -94
-35 -106
-35 -118
-35 -130
-35 -142
-35 -15
-35 -39
-35 -63
-35 -75
-35 -87
-35 -99
-35 -111
-35 -123
-35 -135
-35 -12
-35 -24
-35 -48
-35 -60
-35 -72
-35 -84
-35 -96
-35 -108
-35 -120
-35 -132
-35 -144
-35 -14
-35 -38
-35 -50
-35 -62
-35 -74
-35 -86
-35 -110
-35 -122
-35 -134
-35 -16
-35 -40
-35 -52
-35 -64
-35 -76
-35 -88
-35 -112
-35 -124
-35 -136
-35 -92
-35 -128
-35 -140
-48 -10
-48 -22
-48 -34
-48 -58
-48 -70
-48 -82
-48 -94
-48 -106
-48 -118
-48 -130
-48 -142
-39 -10
-39 -22
-39 -34
-39 -58
-39 -70
-39 -82
-39 -94
-39 -106
-39 -118
-39 -130
-39 -142
-39 -96
-39 -132
-39 -144
-41 -10
-41 -22
-41 -34
-41 -58
-41 -70
-41 -82
-41 -94
-41 -106
-41 -118
-41 -130
-41 -142
-41 -96
-41 -132
-41 -144
-41 -87
-41 -123
-41 -135
-42 -10
-42 -22
-42 -34
-42 -58
-42 -70
-42 -82
-42 -94
-42 -106
-42 -118
-42 -130
-42 -142
-42 -96
-42 -132
-42 -144
-42 -87
-42 -123
-42 -135
-42 -5
-42 -17
-42 -29
-42 -53
-42 -65
-42 -77
-42 -89
-42 -101
-42 -113
-42 -125
-42 -137
-45 -10
-45 -22
-45 -34
-45 -58
-45 -70
-45 -82
-45 -94
-45 -106
-45 -118
-45 -130
-45 -142
-45 -96
-45 -132
-45 -144
-45 -87
-45 -123
-45 -135
-45 -5
-45 -17
-45 -29
-45 -53
-45 -65
-45 -77
-45 -89
-45 -101
-45 -113
-45 -125
-45 -137
-45 -78
-45 -126
-45 -138
-47 -10
-47 -22
-47 -34
-47 -58
-47 -70
-47 -82
-47 -94
-47 -106
-47 -118
-47 -130
-47 -142
-47 -96
-47 -132
-47 -144
-47 -87
-47 -123
-47 -135
-47 -5
-47 -17
-47 -29
-47 -53
-47 -65
-47 -77
-47 -89
-47 -101
-47 -113
-47 -125
-47 -137
-47 -78
-47 -126
-47 -138
-47 -57
-47 -69
-47 -81
-47 -93
-47 -105
-47 -117
-47 -129
-47 -141
-37 -10
-37 -22
-37 -34
-37 -58
-37 -70
-37 -82
-37 -94
-37 -106
-37 -118
-37 -130
-37 -142
-37 -96
-37 -132
-37 -144
-37 -87
-37 -123
-37 -135
-37 -5
-37 -17
-37 -29
-37 -53
-37 -65
-37 -77
-37 -89
-37 -101
-37 -113
-37 -125
-37 -137
-37 -78
-37 -126
-37 -138
-37 -57
-37 -69
-37 -81
-37 -93
-37 -105
-37 -117
-37 -129
-37 -141
-37 -83
-37 -131
-37 -143
-38 -10
-38 -22
-38 -34
-38 -58
-38 -70
-38 -82
-38 -94
-38 -106
-38 -118
-38 -130
-38 -142
-38 -96
-38 -132
-38 -144
-38 -87
-38 -123
-38 -135
-38 -5
-38 -17
-38 -29
-38 -53
-38 -65
-38 -77
-38 -89
-38 -101
-38 -113
-38 -125
-38 -137
-38 -78
-38 -126
-38 -138
-38 -57
-38 -69
-38 -81
-38 -93
-38 -105
-38 -117
-38 -129
-38 -141
-38 -83
-38 -131
-38 -143
-38 -73
-38 -97
-38 -109
-38 -121
-38 -133
-40 -10
-40 -22
-40 -34
-40 -58
-40 -70
-40 -82
-40 -94
-40 -106
-40 -118
-40 -130
-40 -142
-40 -96
-40 -132
-40 -144
-40 -87
-40 -123
-40 -135
-40 -5
-40 -17
-40 -29
-40 -53
-40 -65
-40 -77
-40 -89
-40 -101
-40 -113
-40 -125
-40 -137
-40 -78
-40 -126
-40 -138
-40 -57
-40 -69
-40 -81
-40 -93
-40 -105
-40 -117
-40 -129
-40 -141
-40 -83
-40 -131
-40 -143
-40 -73
-40 -97
-40 -109
-40 -121
-40 -133
-40 -50
-40 -86
-40 -122
-40 -134
-43 -10
-43 -22
-43 -34
-43 -58
-43 -70
-43 -82
-43 -94
-43 -106
-43 -118
-43 -130
-43 -142
-43 -96
-43 -132
-43 -144
-43 -87
-43 -123
-43 -135
-43 -5
-43 -17
-43 -29
-43 -53
-43 -65
-43 -77
-43 -89
-43 -101
-43 -113
-43 -125
-43 -137
-43 -78
-43 -126
-43 -138
-43 -57
-43 -69
-43 -81
-43 -93
-43 -105
-43 -117
-43 -129
-43 -141
-43 -83
-43 -131
-43 -143
-43 -73
-43 -97
-43 -109
-43 -121
-43 -133
-43 -50
-43 -86
-43 -122
-43 -134
-43 -16
-43 -52
-43 -64
-43 -76
-43 -88
-43 -112
-43 -124
-43 -136
-44 -10
-44 -22
-44 -34
-44 -58
-44 -70
-44 -82
-44 -94
-44 -106
-44 -118
-44 -130
-44 -142
-44 -96
-44 -132
-44 -144
-44 -87
-44 -123
-44 -135
-44 -5
-44 -17
-44 -29
-44 -53
-44 -65
-44 -77
-44 -89
-44 -101
-44 -113
-44 -125
-44 -137
-44 -78
-44 -126
-44 -138
-44 -57
-44 -69
-44 -81
-44 -93
-44 -105
-44 -117
-44 -129
-44 -141
-44 -83
-44 -131
-44 -143
-44 -73
-44 -97
-44 -109
-44 -121
-44 -133
-44 -50
-44 -86
-44 -122
-44 -134
-44 -16
-44 -52
-44 -64
-44 -76
-44 -88
-44 -112
-44 -124
-44 -136
-44 -7
-44 -55
-44 -91
-44 -127
-44 -139
-58 -42
-58 -78
-58 -90
-58 -102
-58 -114
-58 -126
-58 -138
-59 -42
-59 -78
-59 -90
-59 -102
-59 -114
-59 -126
-59 -138
-59 -82
-59 -106
-59 -130
-59 -142
-52 -42
-52 -78
-52 -90
-52 -102
-52 -114
-52 -126
-52 -138
-52 -82
-52 -106
-52 -130
-52 -142
-52 -23
-52 -47
-52 -71
-52 -83
-52 -95
-52 -107
-52 -119
-52 -131
-52 -143
-53 -42
-53 -78
-53 -90
-53 -102
-53 -114
-53 -126
-53 -138
-53 -82
-53 -106
-53 -130
-53 -142
-53 -23
-53 -47
-53 -71
-53 -83
-53 -95
-53 -107
-53 -119
-53 -131
-53 -143
-53 -64
-53 -88
-53 -124
-53 -136
-51 -42
-51 -78
-51 -90
-51 -102
-51 -114
-51 -126
-51 -138
-51 -82
-51 -106
-51 -130
-51 -142
-51 -23
-51 -47
-51 -71
-51 -83
-51 -95
-51 -107
-51 -119
-51 -131
-51 -143
-51 -64
-51 -88
-51 -124
-51 -136
-51 -101
-51 -125
-51 -137
-55 -42
-55 -78
-55 -90
-55 -102
-55 -114
-55 -126
-55 -138
-55 -82
-55 -106
-55 -130
-55 -142
-55 -23
-55 -47
-55 -71
-55 -83
-55 -95
-55 -107
-55 -119
-55 -131
-55 -143
-55 -64
-55 -88
-55 -124
-55 -136
-55 -101
-55 -125
-55 -137
-55 -3
-55 -15
-55 -27
-55 -39
-55 -63
-55 -75
-55 -87
-55 -99
-55 -111
-55 -123
-55 -135
-60 -42
-60 -78
-60 -90
-60 -102
-60 -114
-60 -126
-60 -138
-60 -82
-60 -106
-60 -130
-60 -142
-60 -23
-60 -47
-60 -71
-60 -83
-60 -95
-60 -107
-60 -119
-60 -131
-60 -143
-60 -64
-60 -88
-60 -124
-60 -136
-60 -101
-60 -125
-60 -137
-60 -3
-60 -15
-60 -27
-60 -39
-60 -63
-60 -75
-60 -87
-60 -99
-60 -111
-60 -123
-60 -135
-60 -91
-60 -127
-60 -139
-50 -42
-50 -78
-50 -90
-50 -102
-50 -114
-50 -126
-50 -138
-50 -82
-50 -106
-50 -130
-50 -142
-50 -23
-50 -47
-50 -71
-50 -83
-50 -95
-50 -107
-50 -119
-50 -131
-50 -143
-50 -64
-50 -88
-50 -124
-50 -136
-50 -101
-50 -125
-50 -137
-50 -3
-50 -15
-50 -27
-50 -39
-50 -63
-50 -75
-50 -87
-50 -99
-50 -111
-50 -123
-50 -135
-50 -91
-50 -127
-50 -139
-50 -12
-50 -24
-50 -48
-50 -96
-50 -108
-50 -120
-50 -132
-50 -144
-49 -42
-49 -78
-49 -90
-49 -102
-49 -114
-49 -126
-49 -138
-49 -82
-49 -106
-49 -130
-49 -142
-49 -23
-49 -47
-49 -71
-49 -83
-49 -95
-49 -107
-49 -119
-49 -131
-49 -143
-49 -64
-49 -88
-49 -124
-49 -136
-49 -101
-49 -125
-49 -137
-49 -3
-49 -15
-49 -27
-49 -39
-49 -63
-49 -75
-49 -87
-49 -99
-49 -111
-49 -123
-49 -135
-49 -91
-49 -127
-49 -139
-49 -12
-49 -24
-49 -48
-49 -96
-49 -108
-49 -120
-49 -132
-49 -144
-49 -86
-49 -122
-49 -134
-56 -42
-56 -78
-56 -90
-56 -102
-56 -114
-56 -126
-56 -138
-56 -82
-56 -106
-56 -130
-56 -142
-56 -23
-56 -47
-56 -71
-56 -83
-56 -95
-56 -107
-56 -119
-56 -131
-56 -143
-56 -64
-56 -88
-56 -124
-56 -136
-56 -101
-56 -125
-56 -137
-56 -3
-56 -15
-56 -27
-56 -39
-56 -63
-56 -75
-56 -87
-56 -99
-56 -111
-56 -123
-56 -135
-56 -91
-56 -127
-56 -139
-56 -12
-56 -24
-56 -48
-56 -96
-56 -108
-56 -120
-56 -132
-56 -144
-56 -86
-56 -122
-56 -134
-56 -13
-56 -25
-56 -37
-56 -61
-56 -73
-56 -85
-56 -97
-56 -109
-56 -121
-56 -133
-57 -42
-57 -78
-57 -90
-57 -102
-57 -114
-57 -126
-57 -138
-57 -82
-57 -106
-57 -130
-57 -142
-57 -23
-57 -47
-57 -71
-57 -83
-57 -95
-57 -107
-57 -119
-57 -131
-57 -143
-57 -64
-57 -88
-57 -124
-57 -136
-57 -101
-57 -125
-57 -137
-57 -3
-57 -15
-57 -27
-57 -39
-57 -63
-57 -75
-57 -87
-57 -99
-57 -111
-57 -123
-57 -135
-57 -91
-57 -127
-57 -139
-57 -12
-57 -24
-57 -48
-57 -96
-57 -108
-57 -120
-57 -132
-57 -144
-57 -86
-57 -122
-57 -134
-57 -13
-57 -25
-57 -37
-57 -61
-57 -73
-57 -85
-57 -97
-57 -109
-57 -121
-57 -133
-57 -8
-57 -20
-57 -32
-57 -44
-57 -68
-57 -80
-57 -92
-57 -104
-57 -116
-57 -128
-57 -140
-62 -13
-62 -37
-62 -73
-62 -85
-62 -97
-62 -109
-62 -121
-62 -133
-67 -13
-67 -37
-67 -73
-67 -85
-67 -97
-67 -109
-67 -121
-67 -133
-67 -14
-67 -38
-67 -50
-67 -74
-67 -86
-67 -110
-67 -122
-67 -134
-68 -13
-68 -37
-68 -73
-68 -85
-68 -97
-68 -109
-68 -121
-68 -133
-68 -14
-68 -38
-68 -50
-68 -74
-68 -86
-68 -110
-68 -122
-68 -134
-68 -7
-68 -43
-68 -55
-68 -79
-68 -91
-68 -103
-68 -127
-68 -139
-71 -13
-71 -37
-71 -73
-71 -85
-71 -97
-71 -109
-71 -121
-71 -133
-71 -14
-71 -38
-71 -50
-71 -74
-71 -86
-71 -110
-71 -122
-71 -134
-71 -7
-71 -43
-71 -55
-71 -79
-71 -91
-71 -103
-71 -127
-71 -139
-71 -8
-71 -20
-71 -32
-71 -44
-71 -80
-71 -92
-71 -104
-71 -116
-71 -128
-71 -140
-70 -13
-70 -37
-70 -73
-70 -85
-70 -97
-70 -109
-70 -121
-70 -133
-70 -14
-70 -38
-70 -50
-70 -74
-70 -86
-70 -110
-70 -122
-70 -134
-70 -7
-70 -43
-70 -55
-70 -79
-70 -91
-70 -103
-70 -127
-70 -139
-70 -8
-70 -20
-70 -32
-70 -44
-70 -80
-70 -92
-70 -104
-70 -116
-70 -128
-70 -140
-70 -23
-70 -47
-70 -83
-70 -95
-70 -107
-70 -119
-70 -131
-70 -143
-69 -13
-69 -37
-69 -73
-69 -85
-69 -97
-69 -109
-69 -121
-69 -133
-69 -14
-69 -38
-69 -50
-69 -74
-69 -86
-69 -110
-69 -122
-69 -134
-69 -7
-69 -43
-69 -55
-69 -79
-69 -91
-69 -103
-69 -127
-69 -139
-69 -8
-69 -20
-69 -32
-69 -44
-69 -80
-69 -92
-69 -104
-69 -116
-69 -128
-69 -140
-69 -23
-69 -47
-69 -83
-69 -95
-69 -107
-69 -119
-69 -131
-69 -143
-69 -10
-69 -58
-69 -82
-69 -94
-69 -106
-69 -118
-69 -130
-69 -142
-72 -13
-72 -37
-72 -73
-72 -85
-72 -97
-72 -109
-72 -121
-72 -133
-72 -14
-72 -38
-72 -50
-72 -74
-72 -86
-72 -110
-72 -122
-72 -134
-72 -7
-72 -43
-72 -55
-72 -79
-72 -91
-72 -103
-72 -127
-72 -139
-72 -8
-72 -20
-72 -32
-72 -44
-72 -80
-72 -92
-72 -104
-72 -116
-72 -128
-72 -140
-72 -23
-72 -47
-72 -83
-72 -95
-72 -107
-72 -119
-72 -131
-72 -143
-72 -10
-72 -58
-72 -82
-72 -94
-72 -106
-72 -118
-72 -130
-72 -142
-72 -93
-72 -129
-72 -141
-63 -13
-63 -37
-63 -73
-63 -85
-63 -97
-63 -109
-63 -121
-63 -133
-63 -14
-63 -38
-63 -50
-63 -74
-63 -86
-63 -110
-63 -122
-63 -134
-63 -7
-63 -43
-63 -55
-63 -79
-63 -91
-63 -103
-63 -127
-63 -139
-63 -8
-63 -20
-63 -32
-63 -44
-63 -80
-63 -92
-63 -104
-63 -116
-63 -128
-63 -140
-63 -23
-63 -47
-63 -83
-63 -95
-63 -107
-63 -119
-63 -131
-63 -143
-63 -10
-63 -58
-63 -82
-63 -94
-63 -106
-63 -118
-63 -130
-63 -142
-63 -93
-63 -129
-63 -141
-63 -12
-63 -24
-63 -48
-63 -60
-63 -84
-63 -96
-63 -108
-63 -120
-63 -132
-63 -144
-64 -13
-64 -37
-64 -73
-64 -85
-64 -97
-64 -109
-64 -121
-64 -133
-64 -14
-64 -38
-64 -50
-64 -74
-64 -86
-64 -110
-64 -122
-64 -134
-64 -7
-64 -43
-64 -55
-64 -79
-64 -91
-64 -103
-64 -127
-64 -139
-64 -8
-64 -20
-64 -32
-64 -44
-64 -80
-64 -92
-64 -104
-64 -116
-64 -128
-64 -140
-64 -23
-64 -47
-64 -83
-64 -95
-64 -107
-64 -119
-64 -131
-64 -143
-64 -10
-64 -58
-64 -82
-64 -94
-64 -106
-64 -118
-64 -130
-64 -142
-64 -93
-64 -129
-64 -141
-64 -12
-64 -24
-64 -48
-64 -60
-64 -84
-64 -96
-64 -108
-64 -120
-64 -132
-64 -144
-64 -39
-64 -87
-64 -123
-64 -135
-65 -13
-65 -37
-65 -73
-65 -85
-65 -97
-65 -109
-65 -121
-65 -133
-65 -14
-65 -38
-65 -50
-65 -74
-65 -86
-65 -110
-65 -122
-65 -134
-65 -7
-65 -43
-65 -55
-65 -79
-65 -91
-65 -103
-65 -127
-65 -139
-65 -8
-65 -20
-65 -32
-65 -44
-65 -80
-65 -92
-65 -104
-65 -116
-65 -128
-65 -140
-65 -23
-65 -47
-65 -83
-65 -95
-65 -107
-65 -119
-65 -131
-65 -143
-65 -10
-65 -58
-65 -82
-65 -94
-65 -106
-65 -118
-65 -130
-65 -142
-65 -93
-65 -129
-65 -141
-65 -12
-65 -24
-65 -48
-65 -60
-65 -84
-65 -96
-65 -108
-65 -120
-65 -132
-65 -144
-65 -39
-65 -87
-65 -123
-65 -135
-65 -88
-65 -124
-65 -136
-66 -13
-66 -37
-66 -73
-66 -85
-66 -97
-66 -109
-66 -121
-66 -133
-66 -14
-66 -38
-66 -50
-66 -74
-66 -86
-66 -110
-66 -122
-66 -134
-66 -7
-66 -43
-66 -55
-66 -79
-66 -91
-66 -103
-66 -127
-66 -139
-66 -8
-66 -20
-66 -32
-66 -44
-66 -80
-66 -92
-66 -104
-66 -116
-66 -128
-66 -140
-66 -23
-66 -47
-66 -83
-66 -95
-66 -107
-66 -119
-66 -131
-66 -143
-66 -10
-66 -58
-66 -82
-66 -94
-66 -106
-66 -118
-66 -130
-66 -142
-66 -93
-66 -129
-66 -141
-66 -12
-66 -24
-66 -48
-66 -60
-66 -84
-66 -96
-66 -108
-66 -120
-66 -132
-66 -144
-66 -39
-66 -87
-66 -123
-66 -135
-66 -88
-66 -124
-66 -136
-66 -5
-66 -17
-66 -29
-66 -53
-66 -77
-66 -89
-66 -101
-66 -113
-66 -125
-66 -137
-74 -39
-74 -63
-74 -87
-74 -99
-74 -123
-74 -135
-76 -39
-76 -63
-76 -87
-76 -99
-76 -123
-76 -135
-76 -14
-76 -38
-76 -50
-76 -86
-76 -122
-76 -134
-83 -39
-83 -63
-83 -87
-83 -99
-83 -123
-83 -135
-83 -14
-83 -38
-83 -50
-83 -86
-83 -122
-83 -134
-83 -16
-83 -52
-83 -64
-83 -88
-83 -112
-83 -124
-83 -136
-79 -39
-79 -63
-79 -87
-79 -99
-79 -123
-79 -135
-79 -14
-79 -38
-79 -50
-79 -86
-79 -122
-79 -134
-79 -16
-79 -52
-79 -64
-79 -88
-79 -112
-79 -124
-79 -136
-79 -131
-79 -143
-78 -39
-78 -63
-78 -87
-78 -99
-78 -123
-78 -135
-78 -14
-78 -38
-78 -50
-78 -86
-78 -122
-78 -134
-78 -16
-78 -52
-78 -64
-78 -88
-78 -112
-78 -124
-78 -136
-78 -131
-78 -143
-78 -7
-78 -43
-78 -55
-78 -91
-78 -127
-78 -139
-73 -39
-73 -63
-73 -87
-73 -99
-73 -123
-73 -135
-73 -14
-73 -38
-73 -50
-73 -86
-73 -122
-73 -134
-73 -16
-73 -52
-73 -64
-73 -88
-73 -112
-73 -124
-73 -136
-73 -131
-73 -143
-73 -7
-73 -43
-73 -55
-73 -91
-73 -127
-73 -139
-73 -126
-73 -138
-82 -39
-82 -63
-82 -87
-82 -99
-82 -123
-82 -135
-82 -14
-82 -38
-82 -50
-82 -86
-82 -122
-82 -134
-82 -16
-82 -52
-82 -64
-82 -88
-82 -112
-82 -124
-82 -136
-82 -131
-82 -143
-82 -7
-82 -43
-82 -55
-82 -91
-82 -127
-82 -139
-82 -126
-82 -138
-82 -97
-82 -109
-82 -121
-82 -133
-77 -39
-77 -63
-77 -87
-77 -99
-77 -123
-77 -135
-77 -14
-77 -38
-77 -50
-77 -86
-77 -122
-77 -134
-77 -16
-77 -52
-77 -64
-77 -88
-77 -112
-77 -124
-77 -136
-77 -131
-77 -143
-77 -7
-77 -43
-77 -55
-77 -91
-77 -127
-77 -139
-77 -126
-77 -138
-77 -97
-77 -109
-77 -121
-77 -133
-77 -106
-77 -130
-77 -142
-80 -39
-80 -63
-80 -87
-80 -99
-80 -123
-80 -135
-80 -14
-80 -38
-80 -50
-80 -86
-80 -122
-80 -134
-80 -16
-80 -52
-80 -64
-80 -88
-80 -112
-80 -124
-80 -136
-80 -131
-80 -143
-80 -7
-80 -43
-80 -55
-80 -91
-80 -127
-80 -139
-80 -126
-80 -138
-80 -97
-80 -109
-80 -121
-80 -133
-80 -106
-80 -130
-80 -142
-80 -17
-80 -53
-80 -89
-80 -101
-80 -125
-80 -137
-81 -39
-81 -63
-81 -87
-81 -99
-81 -123
-81 -135
-81 -14
-81 -38
-81 -50
-81 -86
-81 -122
-81 -134
-81 -16
-81 -52
-81 -64
-81 -88
-81 -112
-81 -124
-81 -136
-81 -131
-81 -143
-81 -7
-81 -43
-81 -55
-81 -91
-81 -127
-81 -139
-81 -126
-81 -138
-81 -97
-81 -109
-81 -121
-81 -133
-81 -106
-81 -130
-81 -142
-81 -17
-81 -53
-81 -89
-81 -101
-81 -125
-81 -137
-81 -8
-81 -20
-81 -32
-81 -92
-81 -104
-81 -128
-81 -140
-84 -39
-84 -63
-84 -87
-84 -99
-84 -123
-84 -135
-84 -14
-84 -38
-84 -50
-84 -86
-84 -122
-84 -134
-84 -16
-84 -52
-84 -64
-84 -88
-84 -112
-84 -124
-84 -136
-84 -131
-84 -143
-84 -7
-84 -43
-84 -55
-84 -91
-84 -127
-84 -139
-84 -126
-84 -138
-84 -97
-84 -109
-84 -121
-84 -133
-84 -106
-84 -130
-84 -142
-84 -17
-84 -53
-84 -89
-84 -101
-84 -125
-84 -137
-84 -8
-84 -20
-84 -32
-84 -92
-84 -104
-84 -128
-84 -140
-84 -57
-84 -69
-84 -93
-84 -105
-84 -129
-84 -141
-86 -127
-86 -139
-87 -127
-87 -139
-87 -122
-87 -134
-92 -127
-92 -139
-92 -122
-92 -134
-92 -123
-92 -135
-85 -127
-85 -139
-85 -122
-85 -134
-85 -123
-85 -135
-85 -128
-85 -140
-90 -127
-90 -139
-90 -122
-90 -134
-90 -123
-90 -135
-90 -128
-90 -140
-90 -13
-90 -37
-90 -73
-90 -97
-90 -109
-90 -121
-90 -133
-93 -127
-93 -139
-93 -122
-93 -134
-93 -123
-93 -135
-93 -128
-93 -140
-93 -13
-93 -37
-93 -73
-93 -97
-93 -109
-93 -121
-93 -133
-93 -42
-93 -78
-93 -102
-93 -126
-93 -138
-88 -127
-88 -139
-88 -122
-88 -134
-88 -123
-88 -135
-88 -128
-88 -140
-88 -13
-88 -37
-88 -73
-88 -97
-88 -109
-88 -121
-88 -133
-88 -42
-88 -78
-88 -102
-88 -126
-88 -138
-88 -129
-88 -141
-95 -127
-95 -139
-95 -122
-95 -134
-95 -123
-95 -135
-95 -128
-95 -140
-95 -13
-95 -37
-95 -73
-95 -97
-95 -109
-95 -121
-95 -133
-95 -42
-95 -78
-95 -102
-95 -126
-95 -138
-95 -129
-95 -141
-95 -124
-95 -136
-89 -127
-89 -139
-89 -122
-89 -134
-89 -123
-89 -135
-89 -128
-89 -140
-89 -13
-89 -37
-89 -73
-89 -97
-89 -109
-89 -121
-89 -133
-89 -42
-89 -78
-89 -102
-89 -126
-89 -138
-89 -129
-89 -141
-89 -124
-89 -136
-89 -23
-89 -47
-89 -83
-89 -107
-89 -119
-89 -131
-89 -143
-94 -127
-94 -139
-94 -122
-94 -134
-94 -123
-94 -135
-94 -128
-94 -140
-94 -13
-94 -37
-94 -73
-94 -97
-94 -109
-94 -121
-94 -133
-94 -42
-94 -78
-94 -102
-94 -126
-94 -138
-94 -129
-94 -141
-94 -124
-94 -136
-94 -23
-94 -47
-94 -83
-94 -107
-94 -119
-94 -131
-94 -143
-94 -17
-94 -53
-94 -101
-94 -125
-94 -137
-96 -127
-96 -139
-96 -122
-96 -134
-96 -123
-96 -135
-96 -128
-96 -140
-96 -13
-96 -37
-96 -73
-96 -97
-96 -109
-96 -121
-96 -133
-96 -42
-96 -78
-96 -102
-96 -126
-96 -138
-96 -129
-96 -141
-96 -124
-96 -136
-96 -23
-96 -47
-96 -83
-96 -107
-96 -119
-96 -131
-96 -143
-96 -17
-96 -53
-96 -101
-96 -125
-96 -137
-96 -58
-96 -82
-96 -106
-96 -118
-96 -130
-96 -142
-104 -109
-104 -121
-104 -133
-99 -109
-99 -121
-99 -133
-99 -8
-99 -20
-99 -32
-99 -92
-99 -128
-99 -140
-100 -109
-100 -121
-100 -133
-100 -8
-100 -20
-100 -32
-100 -92
-100 -128
-100 -140
-100 -39
-100 -63
-100 -87
-100 -123
-100 -135
-105 -109
-105 -121
-105 -133
-105 -8
-105 -20
-105 -32
-105 -92
-105 -128
-105 -140
-105 -39
-105 -63
-105 -87
-105 -123
-105 -135
-105 -16
-105 -28
-105 -40
-105 -52
-105 -64
-105 -76
-105 -88
-105 -112
-105 -124
-105 -136
-102 -109
-102 -121
-102 -133
-102 -8
-102 -20
-102 -32
-102 -92
-102 -128
-102 -140
-102 -39
-102 -63
-102 -87
-102 -123
-102 -135
-102 -16
-102 -28
-102 -40
-102 -52
-102 -64
-102 -76
-102 -88
-102 -112
-102 -124
-102 -136
-102 -57
-102 -69
-102 -93
-102 -129
-102 -141
-103 -109
-103 -121
-103 -133
-103 -8
-103 -20
-103 -32
-103 -92
-103 -128
-103 -140
-103 -39
-103 -63
-103 -87
-103 -123
-103 -135
-103 -16
-103 -28
-103 -40
-103 -52
-103 -64
-103 -76
-103 -88
-103 -112
-103 -124
-103 -136
-103 -57
-103 -69
-103 -93
-103 -129
-103 -141
-103 -42
-103 -78
-103 -126
-103 -138
-108 -109
-108 -121
-108 -133
-108 -8
-108 -20
-108 -32
-108 -92
-108 -128
-108 -140
-108 -39
-108 -63
-108 -87
-108 -123
-108 -135
-108 -16
-108 -28
-108 -40
-108 -52
-108 -64
-108 -76
-108 -88
-108 -112
-108 -124
-108 -136
-108 -57
-108 -69
-108 -93
-108 -129
-108 -141
-108 -42
-108 -78
-108 -126
-108 -138
-108 -7
-108 -43
-108 -55
-108 -79
-108 -91
-108 -127
-108 -139
-107 -109
-107 -121
-107 -133
-107 -8
-107 -20
-107 -32
-107 -92
-107 -128
-107 -140
-107 -39
-107 -63
-107 -87
-107 -123
-107 -135
-107 -16
-107 -28
-107 -40
-107 -52
-107 -64
-107 -76
-107 -88
-107 -112
-107 -124
-107 -136
-107 -57
-107 -69
-107 -93
-107 -129
-107 -141
-107 -42
-107 -78
-107 -126
-107 -138
-107 -7
-107 -43
-107 -55
-107 -79
-107 -91
-107 -127
-107 -139
-107 -12
-107 -24
-107 -48
-107 -96
-107 -120
-107 -132
-107 -144
-98 -109
-98 -121
-98 -133
-98 -8
-98 -20
-98 -32
-98 -92
-98 -128
-98 -140
-98 -39
-98 -63
-98 -87
-98 -123
-98 -135
-98 -16
-98 -28
-98 -40
-98 -52
-98 -64
-98 -76
-98 -88
-98 -112
-98 -124
-98 -136
-98 -57
-98 -69
-98 -93
-98 -129
-98 -141
-98 -42
-98 -78
-98 -126
-98 -138
-98 -7
-98 -43
-98 -55
-98 -79
-98 -91
-98 -127
-98 -139
-98 -12
-98 -24
-98 -48
-98 -96
-98 -120
-98 -132
-98 -144
-98 -23
-98 -47
-98 -83
-98 -119
-98 -131
-98 -143
-101 -109
-101 -121
-101 -133
-101 -8
-101 -20
-101 -32
-101 -92
-101 -128
-101 -140
-101 -39
-101 -63
-101 -87
-101 -123
-101 -135
-101 -16
-101 -28
-101 -40
-101 -52
-101 -64
-101 -76
-101 -88
-101 -112
-101 -124
-101 -136
-101 -57
-101 -69
-101 -93
-101 -129
-101 -141
-101 -42
-101 -78
-101 -126
-101 -138
-101 -7
-101 -43
-101 -55
-101 -79
-101 -91
-101 -127
-101 -139
-101 -12
-101 -24
-101 -48
-101 -96
-101 -120
-101 -132
-101 -144
-101 -23
-101 -47
-101 -83
-101 -119
-101 -131
-101 -143
-101 -14
-101 -26
-101 -38
-101 -50
-101 -62
-101 -74
-101 -86
-101 -110
-101 -122
-101 -134
-106 -109
-106 -121
-106 -133
-106 -8
-106 -20
-106 -32
-106 -92
-106 -128
-106 -140
-106 -39
-106 -63
-106 -87
-106 -123
-106 -135
-106 -16
-106 -28
-106 -40
-106 -52
-106 -64
-106 -76
-106 -88
-106 -112
-106 -124
-106 -136
-106 -57
-106 -69
-106 -93
-106 -129
-106 -141
-106 -42
-106 -78
-106 -126
-106 -138
-106 -7
-106 -43
-106 -55
-106 -79
-106 -91
-106 -127
-106 -139
-106 -12
-106 -24
-106 -48
-106 -96
-106 -120
-106 -132
-106 -144
-106 -23
-106 -47
-106 -83
-106 -119
-106 -131
-106 -143
-106 -14
-106 -26
-106 -38
-106 -50
-106 -62
-106 -74
-106 -86
-106 -110
-106 -122
-106 -134
-106 -125
-106 -137
-111 -14
-111 -38
-111 -50
-111 -74
-111 -86
-111 -122
-111 -134
-113 -14
-113 -38
-113 -50
-113 -74
-113 -86
-113 -122
-113 -134
-113 -39
-113 -63
-113 -75
-113 -87
-113 -99
-113 -123
-113 -135
-114 -14
-114 -38
-114 -50
-114 -74
-114 -86
-114 -122
-114 -134
-114 -39
-114 -63
-114 -75
-114 -87
-114 -99
-114 -123
-114 -135
-114 -5
-114 -17
-114 -53
-114 -77
-114 -89
-114 -101
-114 -125
-114 -137
-116 -14
-116 -38
-116 -50
-116 -74
-116 -86
-116 -122
-116 -134
-116 -39
-116 -63
-116 -75
-116 -87
-116 -99
-116 -123
-116 -135
-116 -5
-116 -17
-116 -53
-116 -77
-116 -89
-116 -101
-116 -125
-116 -137
-116 -42
-116 -78
-116 -90
-116 -102
-116 -126
-116 -138
-120 -14
-120 -38
-120 -50
-120 -74
-120 -86
-120 -122
-120 -134
-120 -39
-120 -63
-120 -75
-120 -87
-120 -99
-120 -123
-120 -135
-120 -5
-120 -17
-120 -53
-120 -77
-120 -89
-120 -101
-120 -125
-120 -137
-120 -42
-120 -78
-120 -90
-120 -102
-120 -126
-120 -138
-120 -8
-120 -20
-120 -32
-120 -44
-120 -80
-120 -92
-120 -104
-120 -128
-120 -140
-115 -14
-115 -38
-115 -50
-115 -74
-115 -86
-115 -122
-115 -134
-115 -39
-115 -63
-115 -75
-115 -87
-115 -99
-115 -123
-115 -135
-115 -5
-115 -17
-115 -53
-115 -77
-115 -89
-115 -101
-115 -125
-115 -137
-115 -42
-115 -78
-115 -90
-115 -102
-115 -126
-115 -138
-115 -8
-115 -20
-115 -32
-115 -44
-115 -80
-115 -92
-115 -104
-115 -128
-115 -140
-115 -12
-115 -24
-115 -48
-115 -96
-115 -132
-115 -144
-109 -14
-109 -38
-109 -50
-109 -74
-109 -86
-109 -122
-109 -134
-109 -39
-109 -63
-109 -75
-109 -87
-109 -99
-109 -123
-109 -135
-109 -5
-109 -17
-109 -53
-109 -77
-109 -89
-109 -101
-109 -125
-109 -137
-109 -42
-109 -78
-109 -90
-109 -102
-109 -126
-109 -138
-109 -8
-109 -20
-109 -32
-109 -44
-109 -80
-109 -92
-109 -104
-109 -128
-109 -140
-109 -12
-109 -24
-109 -48
-109 -96
-109 -132
-109 -144
-109 -7
-109 -19
-109 -31
-109 -43
-109 -55
-109 -67
-109 -79
-109 -91
-109 -103
-109 -127
-109 -139
-112 -14
-112 -38
-112 -50
-112 -74
-112 -86
-112 -122
-112 -134
-112 -39
-112 -63
-112 -75
-112 -87
-112 -99
-112 -123
-112 -135
-112 -5
-112 -17
-112 -53
-112 -77
-112 -89
-112 -101
-112 -125
-112 -137
-112 -42
-112 -78
-112 -90
-112 -102
-112 -126
-112 -138
-112 -8
-112 -20
-112 -32
-112 -44
-112 -80
-112 -92
-112 -104
-112 -128
-112 -140
-112 -12
-112 -24
-112 -48
-112 -96
-112 -132
-112 -144
-112 -7
-112 -19
-112 -31
-112 -43
-112 -55
-112 -67
-112 -79
-112 -91
-112 -103
-112 -127
-112 -139
-112 -121
-112 -133
-117 -14
-117 -38
-117 -50
-117 -74
-117 -86
-117 -122
-117 -134
-117 -39
-117 -63
-117 -75
-117 -87
-117 -99
-117 -123
-117 -135
-117 -5
-117 -17
-117 -53
-117 -77
-117 -89
-117 -101
-117 -125
-117 -137
-117 -42
-117 -78
-117 -90
-117 -102
-117 -126
-117 -138
-117 -8
-117 -20
-117 -32
-117 -44
-117 -80
-117 -92
-117 -104
-117 -128
-117 -140
-117 -12
-117 -24
-117 -48
-117 -96
-117 -132
-117 -144
-117 -7
-117 -19
-117 -31
-117 -43
-117 -55
-117 -67
-117 -79
-117 -91
-117 -103
-117 -127
-117 -139
-117 -121
-117 -133
-117 -16
-117 -52
-117 -64
-117 -88
-117 -124
-117 -136
-118 -14
-118 -38
-118 -50
-118 -74
-118 -86
-118 -122
-118 -134
-118 -39
-118 -63
-118 -75
-118 -87
-118 -99
-118 -123
-118 -135
-118 -5
-118 -17
-118 -53
-118 -77
-118 -89
-118 -101
-118 -125
-118 -137
-118 -42
-118 -78
-118 -90
-118 -102
-118 -126
-118 -138
-118 -8
-118 -20
-118 -32
-118 -44
-118 -80
-118 -92
-118 -104
-118 -128
-118 -140
-118 -12
-118 -24
-118 -48
-118 -96
-118 -132
-118 -144
-118 -7
-118 -19
-118 -31
-118 -43
-118 -55
-118 -67
-118 -79
-118 -91
-118 -103
-118 -127
-118 -139
-118 -121
-118 -133
-118 -16
-118 -52
-118 -64
-118 -88
-118 -124
-118 -136
-118 -57
-118 -69
-118 -81
-118 -93
-118 -105
-118 -129
-118 -141
-119 -14
-119 -38
-119 -50
-119 -74
-119 -86
-119 -122
-119 -134
-119 -39
-119 -63
-119 -75
-119 -87
-119 -99
-119 -123
-119 -135
-119 -5
-119 -17
-119 -53
-119 -77
-119 -89
-119 -101
-119 -125
-119 -137
-119 -42
-119 -78
-119 -90
-119 -102
-119 -126
-119 -138
-119 -8
-119 -20
-119 -32
-119 -44
-119 -80
-119 -92
-119 -104
-119 -128
-119 -140
-119 -12
-119 -24
-119 -48
-119 -96
-119 -132
-119 -144
-119 -7
-119 -19
-119 -31
-119 -43
-119 -55
-119 -67
-119 -79
-119 -91
-119 -103
-119 -127
-119 -139
-119 -121
-119 -133
-119 -16
-119 -52
-119 -64
-119 -88
-119 -124
-119 -136
-119 -57
-119 -69
-119 -81
-119 -93
-119 -105
-119 -129
-119 -141
-119 -58
-119 -82
-119 -106
-119 -130
-119 -142
