m0 :  0 4 2 5 7 1 3 6 8 9
m1 :  0 8 2 5 9 6 1 3 4 7
m2 :  4 0 2 1 9 6 8 5 3 7
m3 :  0 8 2 3 6 9 1 4 5 7
m4 :  3 5 2 9 0 6 7 1 4 8
m5 :  0 1 2 5 4 9 7 8 3 6
m6 :  9 1 2 5 8 6 3 0 4 7
m7 :  4 5 9 3 6 8 0 1 2 7
m8 :  0 1 2 3 9 6 8 4 5 7
m9 :  3 1 2 5 0 7 9 4 6 8
m10 :  0 2 4 5 7 8 9 1 3 6
m11 :  2 5 6 4 8 9 0 1 3 7
w0 :  0 10 11 3 4 6 9 1 2 5 7 8
w1 :  11 5 2 3 6 7 8 9 0 1 4 10
w2 :  8 6 0 5 4 9 2 11 1 3 7 10
w3 :  9 11 2 4 5 8 10 0 1 3 6 7
w4 :  5 9 10 3 4 2 6 11 1 0 7 8
w5 :  0 1 6 7 10 9 8 11 2 3 4 5
w6 :  2 1 3 10 6 5 0 9 4 7 8 11
w7 :  6 1 2 7 0 5 8 3 10 4 9 11
w8 :  0 7 2 3 8 5 6 11 10 1 4 9
w9 :  1 2 4 5 7 11 6 0 3 8 9 10
